1; 1; 1; 1594
1; 1; 2; 34672
1; 1; 3; 28495
1; 1; 4; 4842
1; 1; 5; 2839
1; 1; 6; 21335
1; 1; 7; 4734
1; 1; 8; 2688
1; 1; 9; 31020
1; 1; 10; 3223
1; 1; 11; 1854
1; 1; 12; 2836
1; 1; 13; 25188
1; 1; 14; 361
1; 1; 15; 363
1; 1; 16; 358
1; 1; 17; 7774
1; 1; 18; 7772
1; 1; 19; 33346
1; 1; 20; 28899
1; 1; 21; 2699
1; 1; 22; 6498
1; 1; 23; 4579
1; 1; 24; 1726
1; 1; 25; 15767
1; 1; 26; 22184
1; 1; 27; 23596
1; 1; 28; 6771
1; 1; 29; 28784
1; 1; 30; 32774
1; 1; 31; 30730
1; 1; 32; 33686
1; 1; 33; 4825
1; 1; 34; 3219
1; 1; 35; 2500
1; 1; 36; 30026
1; 1; 37; 29032
1; 1; 38; 1212
1; 1; 39; 21343
1; 1; 40; 26836
1; 1; 41; 114
1; 1; 42; 406
1; 1; 43; 15074
1; 1; 44; 7492
1; 1; 45; 16919
1; 1; 46; 16908
1; 1; 47; 26515
1; 1; 48; 4782
1; 1; 49; 20215
1; 1; 50; 22704
1; 1; 51; 25213
1; 1; 52; 5209
1; 1; 53; 24043
1; 1; 54; 16575
1; 1; 55; 27965
1; 1; 56; 28516
1; 1; 57; 5226
1; 1; 58; 5215
1; 1; 59; 24021
1; 1; 60; 23810
1; 1; 61; 6168
1; 1; 62; 5053
1; 1; 63; 795
1; 1; 64; 4631
1; 1; 65; 27327
1; 1; 66; 603
1; 1; 67; 3140
1; 1; 68; 5063
1; 1; 69; 4746
1; 1; 70; 31267
1; 1; 71; 4767
1; 1; 72; 19836
1; 1; 73; 4950
1; 1; 74; 21967
1; 1; 75; 28082
1; 1; 76; 32809
1; 1; 77; 4851
1; 1; 78; 6503
1; 1; 79; 32823
1; 1; 80; 5542
1; 1; 81; 5131
1; 1; 82; 4852
1; 1; 83; 4907
1; 1; 84; 26241
1; 1; 85; 6315
1; 1; 86; 2184
1; 1; 87; 3292
1; 1; 88; 2682
1; 1; 89; 4935
1; 1; 90; 2627
1; 1; 91; 34458
1; 1; 92; 892
1; 1; 93; 5232
1; 1; 94; 33532
1; 1; 95; 4845
1; 1; 96; 8418
1; 1; 97; 4800
1; 1; 98; 2091
1; 1; 99; 7309
1; 1; 100; 4235
1; 1; 101; 1585
1; 1; 102; 2100
1; 1; 103; 18872
1; 1; 104; 20512
1; 1; 105; 2680
1; 1; 106; 8361
1; 1; 107; 4749
1; 1; 108; 4974
1; 1; 109; 1903
1; 1; 110; 4350
1; 1; 111; 0
1; 1; 112; 33666
1; 1; 113; 31485
1; 1; 114; 1010
1; 1; 115; 1184
1; 1; 116; 31027
1; 1; 117; 27932
1; 1; 118; 33318
1; 1; 119; 22341
1; 1; 120; 865
1; 1; 121; 16472
1; 1; 122; 18716
1; 1; 123; 3329
1; 1; 124; 810
1; 1; 125; 24163
1; 1; 126; 809
1; 1; 127; 21064
1; 1; 128; 3238
1; 1; 129; 4334
1; 1; 130; 1566
1; 1; 131; 843
1; 1; 132; 1640
1; 1; 133; 945
1; 1; 134; 946
1; 1; 135; 33839
1; 1; 136; 25649
1; 1; 137; 29943
1; 1; 138; 34197
1; 1; 139; 30351
1; 1; 140; 30186
1; 1; 141; 30160
1; 1; 142; 30243
1; 1; 143; 30218
1; 1; 144; 30190
1; 1; 145; 29931
1; 1; 146; 890
1; 1; 147; 23876
1; 1; 148; 958
1; 1; 149; 959
1; 1; 150; 947
1; 1; 151; 8492
1; 1; 152; 6759
1; 1; 153; 7867
1; 1; 154; 932
1; 1; 155; 33991
1; 1; 156; 21147
1; 1; 157; 6255
1; 1; 158; 8699
1; 1; 159; 1331
1; 1; 160; 1246
1; 1; 161; 21094
1; 1; 162; 0
2; 1; 1; 4926
2; 1; 2; 32813
2; 1; 3; 34582
2; 1; 4; 4814
2; 1; 5; 34288
2; 1; 6; 4878
2; 1; 7; 4858
2; 1; 8; 5037
2; 1; 9; 5139
2; 1; 10; 747
2; 1; 11; 811
2; 1; 12; 1378
2; 1; 13; 1669
2; 1; 14; 880
2; 1; 15; 24389
2; 1; 16; 27100
2; 1; 17; 7424
2; 1; 18; 960
2; 1; 19; 5473
2; 1; 20; 31323
2; 1; 21; 8188
2; 1; 22; 642
2; 1; 23; 7070
2; 1; 24; 1731
2; 1; 25; 17665
2; 1; 26; 16093
2; 1; 27; 23880
2; 1; 28; 23955
2; 1; 29; 23990
2; 1; 30; 1013
2; 1; 31; 34306
2; 1; 32; 935
2; 1; 33; 7083
2; 1; 34; 4088
2; 1; 35; 33904
2; 1; 36; 3333
2; 1; 37; 1584
2; 1; 38; 20328
2; 1; 39; 7694
2; 1; 40; 32694
2; 1; 41; 8272
2; 1; 42; 8584
2; 1; 43; 1043
2; 1; 44; 7709
2; 1; 45; 20412
2; 1; 46; 817
2; 1; 47; 34424
2; 1; 48; 701
2; 1; 49; 508
2; 1; 50; 27692
2; 1; 51; 7505
2; 1; 52; 7720
2; 1; 53; 4487
2; 1; 54; 22483
2; 1; 55; 23890
2; 1; 56; 7374
2; 1; 57; 29087
2; 1; 58; 17379
2; 1; 59; 8233
2; 1; 60; 8033
2; 1; 61; 835
2; 1; 62; 32168
2; 1; 63; 8269
2; 1; 64; 25341
2; 1; 65; 31441
2; 1; 66; 23037
2; 1; 67; 7979
2; 1; 68; 7137
2; 1; 69; 5970
2; 1; 70; 1221
2; 1; 71; 32895
2; 1; 72; 1012
2; 1; 73; 30165
2; 1; 74; 8131
2; 1; 75; 27365
2; 1; 76; 3348
2; 1; 77; 5882
2; 1; 78; 24882
2; 1; 79; 6828
2; 1; 80; 2456
2; 1; 81; 30812
2; 1; 82; 4201
2; 1; 83; 936
2; 1; 84; 34814
2; 1; 85; 22751
2; 1; 86; 29342
2; 1; 87; 31183
2; 1; 88; 1602
2; 1; 89; 7747
2; 1; 90; 1040
2; 1; 91; 25745
2; 1; 92; 16132
2; 1; 93; 31151
2; 1; 94; 839
2; 1; 95; 27700
2; 1; 96; 4234
2; 1; 97; 7753
2; 1; 98; 15911
2; 1; 99; 33104
2; 1; 100; 24118
2; 1; 101; 1188
2; 1; 102; 19000
2; 1; 103; 661
2; 1; 104; 29175
2; 1; 105; 972
2; 1; 106; 0
2; 1; 107; 31663
2; 1; 108; 31661
2; 1; 109; 31658
2; 1; 110; 2191
2; 1; 111; 27934
2; 1; 112; 28546
2; 1; 113; 33306
2; 1; 114; 33226
2; 1; 115; 33
2; 1; 116; 32245
2; 1; 117; 31750
2; 1; 118; 14927
2; 1; 119; 205
2; 1; 120; 29839
2; 1; 121; 1255
2; 1; 122; 5036
2; 1; 123; 1268
2; 1; 124; 31156
2; 1; 125; 28007
2; 1; 126; 1247
2; 1; 127; 32079
2; 1; 128; 2741
2; 1; 129; 7646
2; 1; 130; 32109
2; 1; 131; 34762
2; 1; 132; 0
1; 2; 1; 15760
1; 2; 2; 5012
1; 2; 3; 3003
1; 2; 4; 28819
1; 2; 5; 5009
1; 2; 6; 4969
1; 2; 7; 6217
1; 2; 8; 34739
1; 2; 9; 4780
1; 2; 10; 31898
1; 2; 11; 4884
1; 2; 12; 2539
1; 2; 13; 7211
1; 2; 14; 5888
1; 2; 15; 31279
1; 2; 16; 6925
1; 2; 17; 32702
1; 2; 18; 1732
1; 2; 19; 5017
1; 2; 20; 4978
1; 2; 21; 6224
1; 2; 22; 24162
1; 2; 23; 1407
1; 2; 24; 4875
1; 2; 25; 5018
1; 2; 26; 5006
1; 2; 27; 27613
1; 2; 28; 5056
1; 2; 29; 5004
1; 2; 30; 22171
1; 2; 31; 6809
1; 2; 32; 28289
1; 2; 33; 4740
1; 2; 34; 5055
1; 2; 35; 1758
1; 2; 36; 5407
1; 2; 37; 4988
1; 2; 38; 5128
1; 2; 39; 5929
1; 2; 40; 4992
1; 2; 41; 6286
1; 2; 42; 4750
1; 2; 43; 5787
1; 2; 44; 1663
1; 2; 45; 29266
1; 2; 46; 4956
1; 2; 47; 4751
1; 2; 48; 6887
1; 2; 49; 1181
1; 2; 50; 4977
1; 2; 51; 34878
1; 2; 52; 33024
1; 2; 53; 8030
1; 2; 54; 5636
1; 2; 55; 24078
1; 2; 56; 1601
1; 2; 57; 6395
1; 2; 58; 15487
1; 2; 59; 8319
1; 2; 60; 5048
1; 2; 61; 5114
1; 2; 62; 2832
1; 2; 63; 5126
1; 2; 64; 6289
1; 2; 65; 8413
1; 2; 66; 325
1; 2; 67; 820
1; 2; 68; 3349
1; 2; 69; 7104
1; 2; 70; 6010
1; 2; 71; 8211
1; 2; 72; 5804
1; 2; 73; 3018
1; 2; 74; 4981
1; 2; 75; 5038
1; 2; 76; 33849
1; 2; 77; 4815
1; 2; 78; 32560
1; 2; 79; 21179
1; 2; 80; 969
1; 2; 81; 909
1; 2; 82; 6129
1; 2; 83; 887
1; 2; 84; 7365
1; 2; 85; 26248
1; 2; 86; 16960
1; 2; 87; 7371
1; 2; 88; 7370
1; 2; 89; 7373
1; 2; 90; 7372
1; 2; 91; 730
1; 2; 92; 19473
1; 2; 93; 7814
1; 2; 94; 1774
1; 2; 95; 30872
1; 2; 96; 908
1; 2; 97; 907
1; 2; 98; 27189
1; 2; 99; 32538
1; 2; 100; 317
1; 2; 101; 33203
1; 2; 102; 875
1; 2; 103; 4986
1; 2; 104; 4949
1; 2; 105; 4823
1; 2; 106; 5205
1; 2; 107; 4829
1; 2; 108; 4774
1; 2; 109; 7617
1; 2; 110; 6340
1; 2; 111; 8365
1; 2; 112; 1374
1; 2; 113; 0
1; 2; 114; 33236
1; 2; 115; 23728
1; 2; 116; 6587
1; 2; 117; 7357
1; 2; 118; 24306
1; 2; 119; 7355
1; 2; 120; 7359
1; 2; 121; 2188
1; 2; 122; 26046
1; 2; 123; 34650
1; 2; 124; 34646
1; 2; 125; 23726
1; 2; 126; 15674
1; 2; 127; 26079
1; 2; 128; 18
1; 2; 129; 4763
1; 2; 130; 7953
1; 2; 131; 24120
1; 2; 132; 7308
1; 2; 133; 7740
1; 2; 134; 2306
1; 2; 135; 0
2; 2; 1; 32889
2; 2; 2; 28825
2; 2; 3; 4910
2; 2; 4; 2949
2; 2; 5; 4987
2; 2; 6; 31461
2; 2; 7; 5202
2; 2; 8; 3205
2; 2; 9; 17201
2; 2; 10; 29921
2; 2; 11; 19987
2; 2; 12; 8410
2; 2; 13; 5729
2; 2; 14; 2353
2; 2; 15; 4994
2; 2; 16; 5010
2; 2; 17; 29730
2; 2; 18; 4844
2; 2; 19; 17969
2; 2; 20; 8244
2; 2; 21; 5097
2; 2; 22; 4958
2; 2; 23; 29509
2; 2; 24; 2316
2; 2; 25; 4753
2; 2; 26; 15458
2; 2; 27; 4879
2; 2; 28; 5015
2; 2; 29; 895
2; 2; 30; 5005
2; 2; 31; 5224
2; 2; 32; 34910
2; 2; 33; 1728
2; 2; 34; 5092
2; 2; 35; 5362
2; 2; 36; 5189
2; 2; 37; 5219
2; 2; 38; 23070
2; 2; 39; 4748
2; 2; 40; 5166
2; 2; 41; 1771
2; 2; 42; 31679
2; 2; 43; 30969
2; 2; 44; 30370
2; 2; 45; 1755
2; 2; 46; 1805
2; 2; 47; 1745
2; 2; 48; 15142
2; 2; 49; 1764
2; 2; 50; 2707
2; 2; 51; 6888
2; 2; 52; 2757
2; 2; 53; 1727
2; 2; 54; 5555
2; 2; 55; 1734
2; 2; 56; 4796
2; 2; 57; 20010
2; 2; 58; 5201
2; 2; 59; 4804
2; 2; 60; 2300
2; 2; 61; 30152
2; 2; 62; 5159
2; 2; 63; 8141
2; 2; 64; 5116
2; 2; 65; 19377
2; 2; 66; 34121
2; 2; 67; 5039
2; 2; 68; 7480
2; 2; 69; 1959
2; 2; 70; 6147
2; 2; 71; 17907
2; 2; 72; 4934
2; 2; 73; 25969
2; 2; 74; 122
2; 2; 75; 33211
2; 2; 76; 25678
2; 2; 77; 4752
2; 2; 78; 34219
2; 2; 79; 5351
2; 2; 80; 4970
2; 2; 81; 19697
2; 2; 82; 4838
2; 2; 83; 7300
2; 2; 84; 26054
2; 2; 85; 1895
2; 2; 86; 32601
2; 2; 87; 5049
2; 2; 88; 4896
2; 2; 89; 4797
2; 2; 90; 2698
2; 2; 91; 6865
2; 2; 92; 1772
2; 2; 93; 17095
2; 2; 94; 1824
2; 2; 95; 15426
2; 2; 96; 22342
2; 2; 97; 6249
2; 2; 98; 2621
2; 2; 99; 32606
2; 2; 100; 5788
2; 2; 101; 30968
2; 2; 102; 4904
2; 2; 103; 576
2; 2; 104; 30710
2; 2; 105; 29895
2; 2; 106; 32778
2; 2; 107; 20793
2; 2; 108; 2314
2; 2; 109; 25195
2; 2; 110; 21276
2; 2; 111; 20621
2; 2; 112; 1888
2; 2; 113; 30229
2; 2; 114; 4911
2; 2; 115; 32102
2; 2; 116; 0
1; 3; 1; 4524
1; 3; 2; 5080
1; 3; 3; 7161
1; 3; 4; 20690
1; 3; 5; 7941
1; 3; 6; 16580
1; 3; 7; 4985
1; 3; 8; 5141
1; 3; 9; 5204
1; 3; 10; 6316
1; 3; 11; 28315
1; 3; 12; 4773
1; 3; 13; 5111
1; 3; 14; 32568
1; 3; 15; 22296
1; 3; 16; 4831
1; 3; 17; 4775
1; 3; 18; 19546
1; 3; 19; 30809
1; 3; 20; 8368
1; 3; 21; 1625
1; 3; 22; 15272
1; 3; 23; 20231
1; 3; 24; 4801
1; 3; 25; 5190
1; 3; 26; 4857
1; 3; 27; 5105
1; 3; 28; 4824
1; 3; 29; 29035
1; 3; 30; 5140
1; 3; 31; 5107
1; 3; 32; 4608
1; 3; 33; 5152
1; 3; 34; 5571
1; 3; 35; 30528
1; 3; 36; 5170
1; 3; 37; 4955
1; 3; 38; 5239
1; 3; 39; 5176
1; 3; 40; 4945
1; 3; 41; 5175
1; 3; 42; 5983
1; 3; 43; 2334
1; 3; 44; 19087
1; 3; 45; 4957
1; 3; 46; 4772
1; 3; 47; 5832
1; 3; 48; 29250
1; 3; 49; 8412
1; 3; 50; 28125
1; 3; 51; 5058
1; 3; 52; 5144
1; 3; 53; 5109
1; 3; 54; 5061
1; 3; 55; 19155
1; 3; 56; 6359
1; 3; 57; 4991
1; 3; 58; 15825
1; 3; 59; 32285
1; 3; 60; 31548
1; 3; 61; 4903
1; 3; 62; 5052
1; 3; 63; 5050
1; 3; 64; 4766
1; 3; 65; 26064
1; 3; 66; 6136
1; 3; 67; 16697
1; 3; 68; 5178
1; 3; 69; 5127
1; 3; 70; 6603
1; 3; 71; 7541
1; 3; 72; 4783
1; 3; 73; 1739
1; 3; 74; 2697
1; 3; 75; 898
1; 3; 76; 5861
1; 3; 77; 25100
1; 3; 78; 5146
1; 3; 79; 24125
1; 3; 80; 5011
1; 3; 81; 1751
1; 3; 82; 5550
1; 3; 83; 8414
1; 3; 84; 1826
1; 3; 85; 8327
1; 3; 86; 4755
1; 3; 87; 16607
1; 3; 88; 338
1; 3; 89; 4895
1; 3; 90; 4816
1; 3; 91; 30238
1; 3; 92; 6272
1; 3; 93; 1875
1; 3; 94; 1876
1; 3; 95; 5564
1; 3; 96; 5142
1; 3; 97; 31913
1; 3; 98; 5082
1; 3; 99; 6144
1; 3; 100; 5221
1; 3; 101; 31023
1; 3; 102; 33425
1; 3; 103; 21807
1; 3; 104; 21701
1; 3; 105; 3046
1; 3; 106; 17262
1; 3; 107; 25860
1; 3; 108; 1995
1; 3; 109; 5093
1; 3; 110; 30875
1; 3; 111; 1760
1; 3; 112; 4798
1; 3; 113; 34679
1; 3; 114; 15940
1; 3; 115; 5339
1; 3; 116; 0
1; 3; 117; 33666
1; 3; 118; 32245
1; 3; 119; 31663
1; 3; 120; 31661
1; 3; 121; 31658
1; 3; 122; 0
2; 3; 1; 32559
2; 3; 2; 34841
2; 3; 3; 5856
2; 3; 4; 1583
2; 3; 5; 20255
2; 3; 6; 1312
2; 3; 7; 33162
2; 3; 8; 26862
2; 3; 9; 1278
2; 3; 10; 1332
2; 3; 11; 26706
2; 3; 12; 33926
2; 3; 13; 24295
2; 3; 14; 2939
2; 3; 15; 1273
2; 3; 16; 34366
2; 3; 17; 1506
2; 3; 18; 4618
2; 3; 19; 851
2; 3; 20; 1211
2; 3; 21; 933
2; 3; 22; 29885
2; 3; 23; 26190
2; 3; 24; 26401
2; 3; 25; 3045
2; 3; 26; 1590
2; 3; 27; 34504
2; 3; 28; 8333
2; 3; 29; 1018
2; 3; 30; 4454
2; 3; 31; 28198
2; 3; 32; 29744
2; 3; 33; 2593
2; 3; 34; 6863
2; 3; 35; 6169
2; 3; 36; 766
2; 3; 37; 6260
2; 3; 38; 32096
2; 3; 39; 31588
2; 3; 40; 23106
2; 3; 41; 15945
2; 3; 42; 24705
2; 3; 43; 18887
2; 3; 44; 4779
2; 3; 45; 1084
2; 3; 46; 16673
2; 3; 47; 5792
2; 3; 48; 1638
2; 3; 49; 3330
2; 3; 50; 2241
2; 3; 51; 33002
2; 3; 52; 2483
2; 3; 53; 29975
2; 3; 54; 868
2; 3; 55; 22253
2; 3; 56; 1336
2; 3; 57; 31801
2; 3; 58; 1241
2; 3; 59; 20533
2; 3; 60; 789
2; 3; 61; 883
2; 3; 62; 4319
2; 3; 63; 1518
2; 3; 64; 34544
2; 3; 65; 30157
2; 3; 66; 25908
2; 3; 67; 24047
2; 3; 68; 27465
2; 3; 69; 26414
2; 3; 70; 14930
2; 3; 71; 18835
2; 3; 72; 26243
2; 3; 73; 7610
2; 3; 74; 29647
2; 3; 75; 31152
2; 3; 76; 15180
2; 3; 77; 34612
2; 3; 78; 7980
2; 3; 79; 16759
2; 3; 80; 30824
2; 3; 81; 34669
2; 3; 82; 8363
2; 3; 83; 1064
2; 3; 84; 1015
2; 3; 85; 1065
2; 3; 86; 881
2; 3; 87; 3308
2; 3; 88; 27137
2; 3; 89; 29626
2; 3; 90; 934
2; 3; 91; 808
2; 3; 92; 850
2; 3; 93; 1069
2; 3; 94; 1085
2; 3; 95; 844
2; 3; 96; 30382
2; 3; 97; 1223
2; 3; 98; 930
2; 3; 99; 162
2; 3; 100; 7097
2; 3; 101; 23922
2; 3; 102; 733
2; 3; 103; 18837
2; 3; 104; 34486
2; 3; 105; 812
2; 3; 106; 956
2; 3; 107; 7009
2; 3; 108; 1522
2; 3; 109; 33996
2; 3; 110; 1303
2; 3; 111; 30164
2; 3; 112; 18967
2; 3; 113; 5878
2; 3; 114; 996
2; 3; 115; 0
1; 4; 1; 34909
1; 4; 2; 919
1; 4; 3; 8971
1; 4; 4; 859
1; 4; 5; 4736
1; 4; 6; 1230
1; 4; 7; 1599
1; 4; 8; 23621
1; 4; 9; 1179
1; 4; 10; 885
1; 4; 11; 5344
1; 4; 12; 28702
1; 4; 13; 3322
1; 4; 14; 32711
1; 4; 15; 33070
1; 4; 16; 18720
1; 4; 17; 5297
1; 4; 18; 27958
1; 4; 19; 16661
1; 4; 20; 23160
1; 4; 21; 1228
1; 4; 22; 143
1; 4; 23; 6895
1; 4; 24; 5553
1; 4; 25; 23456
1; 4; 26; 4153
1; 4; 27; 753
1; 4; 28; 18283
1; 4; 29; 1178
1; 4; 30; 28022
1; 4; 31; 34684
1; 4; 32; 32681
1; 4; 33; 8316
1; 4; 34; 34111
1; 4; 35; 5532
1; 4; 36; 6064
1; 4; 37; 32386
1; 4; 38; 577
1; 4; 39; 32261
1; 4; 40; 32370
1; 4; 41; 5773
1; 4; 42; 5794
1; 4; 43; 23590
1; 4; 44; 34343
1; 4; 45; 30440
1; 4; 46; 27561
1; 4; 47; 33951
1; 4; 48; 25543
1; 4; 49; 1605
1; 4; 50; 17733
1; 4; 51; 6181
1; 4; 52; 6270
1; 4; 53; 3209
1; 4; 54; 20844
1; 4; 55; 19441
1; 4; 56; 26317
1; 4; 57; 30863
1; 4; 58; 27158
1; 4; 59; 17714
1; 4; 60; 24229
1; 4; 61; 7184
1; 4; 62; 16062
1; 4; 63; 8435
1; 4; 64; 30075
1; 4; 65; 3197
1; 4; 66; 4359
1; 4; 67; 19168
1; 4; 68; 6274
1; 4; 69; 23086
1; 4; 70; 395
1; 4; 71; 25704
1; 4; 72; 5296
1; 4; 73; 24042
1; 4; 74; 26558
1; 4; 75; 2511
1; 4; 76; 34611
1; 4; 77; 6428
1; 4; 78; 2346
1; 4; 79; 6322
1; 4; 80; 8983
1; 4; 81; 33071
1; 4; 82; 121
1; 4; 83; 4576
1; 4; 84; 29892
1; 4; 85; 31517
1; 4; 86; 17957
1; 4; 87; 24822
1; 4; 88; 31833
1; 4; 89; 1189
1; 4; 90; 31025
1; 4; 91; 1337
1; 4; 92; 1068
1; 4; 93; 882
1; 4; 94; 778
1; 4; 95; 3141
1; 4; 96; 15168
1; 4; 97; 1924
1; 4; 98; 28517
1; 4; 99; 24449
1; 4; 100; 21297
1; 4; 101; 16326
1; 4; 102; 256
1; 4; 103; 0
1; 4; 104; 2191
1; 4; 105; 27934
1; 4; 106; 27932
1; 4; 107; 28546
1; 4; 108; 33306
1; 4; 109; 33226
1; 4; 110; 33
1; 4; 111; 32245
1; 4; 112; 31750
1; 4; 113; 14927
1; 4; 114; 205
1; 4; 115; 29839
1; 4; 116; 1255
1; 4; 117; 5036
1; 4; 118; 1268
1; 4; 119; 31156
1; 4; 120; 28007
1; 4; 121; 1247
1; 4; 122; 1246
1; 4; 123; 32079
1; 4; 124; 21094
1; 4; 125; 2741
1; 4; 126; 7646
1; 4; 127; 32109
1; 4; 128; 34762
1; 4; 129; 0
2; 4; 1; 32946
2; 4; 2; 8607
2; 4; 3; 31469
2; 4; 4; 24528
2; 4; 5; 767
2; 4; 6; 32562
2; 4; 7; 25248
2; 4; 8; 552
2; 4; 9; 8202
2; 4; 10; 24180
2; 4; 11; 562
2; 4; 12; 25920
2; 4; 13; 30375
2; 4; 14; 5682
2; 4; 15; 1934
2; 4; 16; 449
2; 4; 17; 620
2; 4; 18; 2259
2; 4; 19; 28061
2; 4; 20; 7040
2; 4; 21; 15631
2; 4; 22; 32127
2; 4; 23; 2212
2; 4; 24; 5303
2; 4; 25; 23795
2; 4; 26; 1720
2; 4; 27; 34593
2; 4; 28; 7437
2; 4; 29; 33976
2; 4; 30; 30411
2; 4; 31; 7618
2; 4; 32; 538
2; 4; 33; 25776
2; 4; 34; 30815
2; 4; 35; 30814
2; 4; 36; 7072
2; 4; 37; 8290
2; 4; 38; 1324
2; 4; 39; 526
2; 4; 40; 27124
2; 4; 41; 2862
2; 4; 42; 34199
2; 4; 43; 19375
2; 4; 44; 32300
2; 4; 45; 32876
2; 4; 46; 33206
2; 4; 47; 572
2; 4; 48; 8234
2; 4; 49; 5229
2; 4; 50; 1000
2; 4; 51; 574
2; 4; 52; 571
2; 4; 53; 550
2; 4; 54; 23155
2; 4; 55; 6478
2; 4; 56; 7714
2; 4; 57; 23110
2; 4; 58; 584
2; 4; 59; 768
2; 4; 60; 6955
2; 4; 61; 537
2; 4; 62; 573
2; 4; 63; 33947
2; 4; 64; 7314
2; 4; 65; 1517
2; 4; 66; 2740
2; 4; 67; 7237
2; 4; 68; 6248
2; 4; 69; 622
2; 4; 70; 25262
2; 4; 71; 4354
2; 4; 72; 8201
2; 4; 73; 7316
2; 4; 74; 7477
2; 4; 75; 1017
2; 4; 76; 1067
2; 4; 77; 32735
2; 4; 78; 1155
2; 4; 79; 7315
2; 4; 80; 5264
2; 4; 81; 7730
2; 4; 82; 31188
2; 4; 83; 7011
2; 4; 84; 624
2; 4; 85; 22825
2; 4; 86; 557
2; 4; 87; 31608
2; 4; 88; 34374
2; 4; 89; 141
2; 4; 90; 1007
2; 4; 91; 31507
2; 4; 92; 7472
2; 4; 93; 1063
2; 4; 94; 2652
2; 4; 95; 33781
2; 4; 96; 25584
2; 4; 97; 33840
2; 4; 98; 1174
2; 4; 99; 23391
2; 4; 100; 4337
2; 4; 101; 7430
2; 4; 102; 30657
2; 4; 103; 7791
2; 4; 104; 783
2; 4; 105; 1213
2; 4; 106; 997
2; 4; 107; 3295
2; 4; 108; 23702
2; 4; 109; 5791
2; 4; 110; 0
1; 5; 1; 949
1; 5; 2; 32776
1; 5; 3; 5927
1; 5; 4; 21589
1; 5; 5; 28367
1; 5; 6; 7226
1; 5; 7; 19186
1; 5; 8; 9490
1; 5; 9; 6527
1; 5; 10; 4333
1; 5; 11; 26373
1; 5; 12; 4328
1; 5; 13; 4357
1; 5; 14; 688
1; 5; 15; 1041
1; 5; 16; 26265
1; 5; 17; 203
1; 5; 18; 204
1; 5; 19; 33954
1; 5; 20; 4367
1; 5; 21; 30242
1; 5; 22; 29204
1; 5; 23; 6912
1; 5; 24; 24322
1; 5; 25; 20457
1; 5; 26; 20453
1; 5; 27; 1603
1; 5; 28; 836
1; 5; 29; 30149
1; 5; 30; 1335
1; 5; 31; 5793
1; 5; 32; 8497
1; 5; 33; 697
1; 5; 34; 1272
1; 5; 35; 31961
1; 5; 36; 30825
1; 5; 37; 30365
1; 5; 38; 6654
1; 5; 39; 20419
1; 5; 40; 2714
1; 5; 41; 751
1; 5; 42; 1083
1; 5; 43; 23852
1; 5; 44; 31136
1; 5; 45; 25082
1; 5; 46; 1957
1; 5; 47; 29246
1; 5; 48; 2094
1; 5; 49; 22771
1; 5; 50; 30383
1; 5; 51; 18009
1; 5; 52; 18006
1; 5; 53; 21300
1; 5; 54; 22147
1; 5; 55; 25465
1; 5; 56; 1280
1; 5; 57; 1269
1; 5; 58; 8331
1; 5; 59; 31904
1; 5; 60; 31900
1; 5; 61; 20963
1; 5; 62; 24294
1; 5; 63; 24461
1; 5; 64; 1256
1; 5; 65; 5679
1; 5; 66; 32973
1; 5; 67; 785
1; 5; 68; 1264
1; 5; 69; 24044
1; 5; 70; 24046
1; 5; 71; 1254
1; 5; 72; 3134
1; 5; 73; 1334
1; 5; 74; 891
1; 5; 75; 17541
1; 5; 76; 34050
1; 5; 77; 1267
1; 5; 78; 29893
1; 5; 79; 2516
1; 5; 80; 6360
1; 5; 81; 33985
1; 5; 82; 30089
1; 5; 83; 32864
1; 5; 84; 1066
1; 5; 85; 24358
1; 5; 86; 2728
1; 5; 87; 6139
1; 5; 88; 4358
1; 5; 89; 853
1; 5; 90; 3357
1; 5; 91; 15265
1; 5; 92; 804
1; 5; 93; 26070
1; 5; 94; 33827
1; 5; 95; 0
1; 5; 96; 33236
1; 5; 97; 33666
1; 5; 98; 6587
1; 5; 99; 24306
1; 5; 100; 7355
1; 5; 101; 7359
1; 5; 102; 26046
1; 5; 103; 34650
1; 5; 104; 34646
1; 5; 105; 23726
1; 5; 106; 15674
1; 5; 107; 32245
1; 5; 108; 26079
1; 5; 109; 18
1; 5; 110; 4763
1; 5; 111; 7953
1; 5; 112; 24120
1; 5; 113; 7308
1; 5; 114; 7740
1; 5; 115; 2306
1; 5; 116; 0
2; 5; 1; 25586
2; 5; 2; 7706
2; 5; 3; 19770
2; 5; 4; 948
2; 5; 5; 950
2; 5; 6; 26763
2; 5; 7; 846
2; 5; 8; 24590
2; 5; 9; 984
2; 5; 10; 5185
2; 5; 11; 34331
2; 5; 12; 1526
2; 5; 13; 24164
2; 5; 14; 3115
2; 5; 15; 25505
2; 5; 16; 8409
2; 5; 17; 1139
2; 5; 18; 6094
2; 5; 19; 30934
2; 5; 20; 944
2; 5; 21; 952
2; 5; 22; 4721
2; 5; 23; 940
2; 5; 24; 31189
2; 5; 25; 32949
2; 5; 26; 33003
2; 5; 27; 34825
2; 5; 28; 30352
2; 5; 29; 23988
2; 5; 30; 8369
2; 5; 31; 34389
2; 5; 32; 8669
2; 5; 33; 28043
2; 5; 34; 32952
2; 5; 35; 28987
2; 5; 36; 15093
2; 5; 37; 2340
2; 5; 38; 4340
2; 5; 39; 5908
2; 5; 40; 943
2; 5; 41; 32746
2; 5; 42; 4953
2; 5; 43; 981
2; 5; 44; 19950
2; 5; 45; 33953
2; 5; 46; 5576
2; 5; 47; 993
2; 5; 48; 1200
2; 5; 49; 24257
2; 5; 50; 2524
2; 5; 51; 31051
2; 5; 52; 7205
2; 5; 53; 1005
2; 5; 54; 23982
2; 5; 55; 951
2; 5; 56; 25743
2; 5; 57; 24119
2; 5; 58; 964
2; 5; 59; 644
2; 5; 60; 597
2; 5; 61; 942
2; 5; 62; 18715
2; 5; 63; 696
2; 5; 64; 31905
2; 5; 65; 5298
2; 5; 66; 941
2; 5; 67; 962
2; 5; 68; 29911
2; 5; 69; 30199
2; 5; 70; 33740
2; 5; 71; 29973
2; 5; 72; 31047
2; 5; 73; 9016
2; 5; 74; 17439
2; 5; 75; 30758
2; 5; 76; 21839
2; 5; 77; 23862
2; 5; 78; 5762
2; 5; 79; 6813
2; 5; 80; 32950
2; 5; 81; 4881
2; 5; 82; 658
2; 5; 83; 927
2; 5; 84; 1008
2; 5; 85; 32985
2; 5; 86; 29598
2; 5; 87; 8444
2; 5; 88; 18996
2; 5; 89; 651
2; 5; 90; 2840
2; 5; 91; 8942
2; 5; 92; 28985
2; 5; 93; 15031
2; 5; 94; 33513
2; 5; 95; 6378
2; 5; 96; 29398
2; 5; 97; 29399
2; 5; 98; 18963
2; 5; 99; 6321
2; 5; 100; 24330
2; 5; 101; 4318
2; 5; 102; 16067
2; 5; 103; 15958
2; 5; 104; 31483
2; 5; 105; 7133
2; 5; 106; 0
2; 5; 107; 23728
2; 5; 108; 2188
2; 5; 109; 7357
2; 5; 110; 31663
2; 5; 111; 31661
2; 5; 112; 31658
2; 5; 113; 0
